# A tibble: 20 x 2
   Station_number num_rows
            <dbl>    <int>
 1           9194     3600
 2           9225     2731
 3          14825     3179
 4          14909     1354
 5          22050     1413
 6          22823     2402
 7          23000    11516
 8          24518     6471
 9          40043    14800
10          40913     2390
11          41525     2072
12          58208     3048
13          63292     4136
14          66062    22941
15          67105     2894
16          70351      983
17          71032     2309
18          81049     5412
19          85291     1717
20          86344      331