# A tibble: 20 x 2
   Station_number num_rows
            <dbl>    <int>
 1           9194    11136
 2           9225     9182
 3          14825    16976
 4          14909     5066
 5          22050     4806
 6          22823     5629
 7          23000    34140
 8          24518    17287
 9          40043    37828
10          40913     6924
11          41525     7322
12          58208     8252
13          63292     8216
14          66062    58338
15          67105     8436
16          70351     3181
17          71032     6053
18          81049    17710
19          85291     4281
20          86344     1020